print.area.height=697.8897637795276
print.area.width=451.2755905511811
print.area.x=72.0
print.area.y=72.0
print.page.orientation=1.0
print.paper.height=841.8897637795276
print.paper.width=595.275590551181
